{
 "cells": [
  {
   "cell_type": "code",
   "execution_count": 1,
   "id": "622f908e",
   "metadata": {},
   "outputs": [],
   "source": [
    "import numpy as np\n",
    "import matplotlib.pyplot as plt\n",
    "from pulser import Pulse, Sequence, Register\n",
    "from pulser_simulation import QutipEmulator\n",
    "from pulser.devices import DigitalAnalogDevice\n",
    "from pulser.waveforms import InterpolatedWaveform\n",
    "from scipy.optimize import minimize\n",
    "from scipy.spatial.distance import pdist, squareform"
   ]
  },
  {
   "cell_type": "code",
   "execution_count": 2,
   "id": "6ff6fa4b",
   "metadata": {},
   "outputs": [],
   "source": [
    "Q = np.array(\n",
    "    [\n",
    "        [-10.0, 19.7365809, 19.7365809, 5.42015853, 5.42015853],\n",
    "        [19.7365809, -10.0, 20.67626392, 0.17675796, 0.85604541],\n",
    "        [19.7365809, 20.67626392, -10.0, 0.85604541, 0.17675796],\n",
    "        [5.42015853, 0.17675796, 0.85604541, -10.0, 0.32306662],\n",
    "        [5.42015853, 0.85604541, 0.17675796, 0.32306662, -10.0],\n",
    "    ]\n",
    ")"
   ]
  },
  {
   "cell_type": "code",
   "execution_count": 3,
   "id": "cd9f46e9",
   "metadata": {},
   "outputs": [
    {
     "name": "stdout",
     "output_type": "stream",
     "text": [
      "[('01011', -27.288260020000003), ('00111', -27.288260019999996), ('00101', -19.64648408)]\n"
     ]
    }
   ],
   "source": [
    "bitstrings = [np.binary_repr(i, len(Q)) for i in range(2 ** len(Q))]\n",
    "costs = []\n",
    "# this takes exponential time with the dimension of the QUBO\n",
    "list('00000')\n",
    "for binarystring in bitstrings:\n",
    "    z = np.array(list(binarystring), dtype=int) # is a list of integer representing the current binary string\n",
    "    cost = z.T @ Q @ z\n",
    "    costs.append(cost)\n",
    "zipped = zip(bitstrings, costs)\n",
    "sort_zipped = sorted(zipped, key=lambda x: x[1])\n",
    "print(sort_zipped[:3])"
   ]
  },
  {
   "cell_type": "code",
   "execution_count": 4,
   "id": "ce2b4674",
   "metadata": {},
   "outputs": [
    {
     "name": "stdout",
     "output_type": "stream",
     "text": [
      "[[-10.          19.7365809   19.7365809    5.42015853   5.42015853]\n",
      " [ 19.7365809  -10.          20.67626392   0.17675796   0.85604541]\n",
      " [ 19.7365809   20.67626392 -10.           0.85604541   0.17675796]\n",
      " [  5.42015853   0.17675796   0.85604541 -10.           0.32306662]\n",
      " [  5.42015853   0.85604541   0.17675796   0.32306662 -10.        ]]\n",
      "[[-10.          19.7365809   19.7365809    5.42015853   5.42015853]\n",
      " [ 19.7365809  -10.          20.67626392   0.17675796   0.85604541]\n",
      " [ 19.7365809   20.67626392 -10.           0.85604541   0.17675796]\n",
      " [  5.42015853   0.17675796   0.85604541 -10.           0.32306662]\n",
      " [  5.42015853   0.85604541   0.17675796   0.32306662 -10.        ]]\n",
      "[[-10.          19.7365809   19.7365809    5.42015853   5.42015853]\n",
      " [ 19.7365809  -10.          20.67626392   0.17675796   0.85604541]\n",
      " [ 19.7365809   20.67626392 -10.           0.85604541   0.17675796]\n",
      " [  5.42015853   0.17675796   0.85604541 -10.           0.32306662]\n",
      " [  5.42015853   0.85604541   0.17675796   0.32306662 -10.        ]]\n",
      "[[-10.          19.7365809   19.7365809    5.42015853   5.42015853]\n",
      " [ 19.7365809  -10.          20.67626392   0.17675796   0.85604541]\n",
      " [ 19.7365809   20.67626392 -10.           0.85604541   0.17675796]\n",
      " [  5.42015853   0.17675796   0.85604541 -10.           0.32306662]\n",
      " [  5.42015853   0.85604541   0.17675796   0.32306662 -10.        ]]\n",
      "[[-10.          19.7365809   19.7365809    5.42015853   5.42015853]\n",
      " [ 19.7365809  -10.          20.67626392   0.17675796   0.85604541]\n",
      " [ 19.7365809   20.67626392 -10.           0.85604541   0.17675796]\n",
      " [  5.42015853   0.17675796   0.85604541 -10.           0.32306662]\n",
      " [  5.42015853   0.85604541   0.17675796   0.32306662 -10.        ]]\n",
      "[[-10.          19.7365809   19.7365809    5.42015853   5.42015853]\n",
      " [ 19.7365809  -10.          20.67626392   0.17675796   0.85604541]\n",
      " [ 19.7365809   20.67626392 -10.           0.85604541   0.17675796]\n",
      " [  5.42015853   0.17675796   0.85604541 -10.           0.32306662]\n",
      " [  5.42015853   0.85604541   0.17675796   0.32306662 -10.        ]]\n",
      "[[-10.          19.7365809   19.7365809    5.42015853   5.42015853]\n",
      " [ 19.7365809  -10.          20.67626392   0.17675796   0.85604541]\n",
      " [ 19.7365809   20.67626392 -10.           0.85604541   0.17675796]\n",
      " [  5.42015853   0.17675796   0.85604541 -10.           0.32306662]\n",
      " [  5.42015853   0.85604541   0.17675796   0.32306662 -10.        ]]\n",
      "[[-10.          19.7365809   19.7365809    5.42015853   5.42015853]\n",
      " [ 19.7365809  -10.          20.67626392   0.17675796   0.85604541]\n",
      " [ 19.7365809   20.67626392 -10.           0.85604541   0.17675796]\n",
      " [  5.42015853   0.17675796   0.85604541 -10.           0.32306662]\n",
      " [  5.42015853   0.85604541   0.17675796   0.32306662 -10.        ]]\n",
      "[[-10.          19.7365809   19.7365809    5.42015853   5.42015853]\n",
      " [ 19.7365809  -10.          20.67626392   0.17675796   0.85604541]\n",
      " [ 19.7365809   20.67626392 -10.           0.85604541   0.17675796]\n",
      " [  5.42015853   0.17675796   0.85604541 -10.           0.32306662]\n",
      " [  5.42015853   0.85604541   0.17675796   0.32306662 -10.        ]]\n",
      "[[-10.          19.7365809   19.7365809    5.42015853   5.42015853]\n",
      " [ 19.7365809  -10.          20.67626392   0.17675796   0.85604541]\n",
      " [ 19.7365809   20.67626392 -10.           0.85604541   0.17675796]\n",
      " [  5.42015853   0.17675796   0.85604541 -10.           0.32306662]\n",
      " [  5.42015853   0.85604541   0.17675796   0.32306662 -10.        ]]\n",
      "[[-10.          19.7365809   19.7365809    5.42015853   5.42015853]\n",
      " [ 19.7365809  -10.          20.67626392   0.17675796   0.85604541]\n",
      " [ 19.7365809   20.67626392 -10.           0.85604541   0.17675796]\n",
      " [  5.42015853   0.17675796   0.85604541 -10.           0.32306662]\n",
      " [  5.42015853   0.85604541   0.17675796   0.32306662 -10.        ]]\n",
      "[[-10.          19.7365809   19.7365809    5.42015853   5.42015853]\n",
      " [ 19.7365809  -10.          20.67626392   0.17675796   0.85604541]\n",
      " [ 19.7365809   20.67626392 -10.           0.85604541   0.17675796]\n",
      " [  5.42015853   0.17675796   0.85604541 -10.           0.32306662]\n",
      " [  5.42015853   0.85604541   0.17675796   0.32306662 -10.        ]]\n",
      "[[-10.          19.7365809   19.7365809    5.42015853   5.42015853]\n",
      " [ 19.7365809  -10.          20.67626392   0.17675796   0.85604541]\n",
      " [ 19.7365809   20.67626392 -10.           0.85604541   0.17675796]\n",
      " [  5.42015853   0.17675796   0.85604541 -10.           0.32306662]\n",
      " [  5.42015853   0.85604541   0.17675796   0.32306662 -10.        ]]\n",
      "[[-10.          19.7365809   19.7365809    5.42015853   5.42015853]\n",
      " [ 19.7365809  -10.          20.67626392   0.17675796   0.85604541]\n",
      " [ 19.7365809   20.67626392 -10.           0.85604541   0.17675796]\n",
      " [  5.42015853   0.17675796   0.85604541 -10.           0.32306662]\n",
      " [  5.42015853   0.85604541   0.17675796   0.32306662 -10.        ]]\n",
      "[[-10.          19.7365809   19.7365809    5.42015853   5.42015853]\n",
      " [ 19.7365809  -10.          20.67626392   0.17675796   0.85604541]\n",
      " [ 19.7365809   20.67626392 -10.           0.85604541   0.17675796]\n",
      " [  5.42015853   0.17675796   0.85604541 -10.           0.32306662]\n",
      " [  5.42015853   0.85604541   0.17675796   0.32306662 -10.        ]]\n",
      "[[-10.          19.7365809   19.7365809    5.42015853   5.42015853]\n",
      " [ 19.7365809  -10.          20.67626392   0.17675796   0.85604541]\n",
      " [ 19.7365809   20.67626392 -10.           0.85604541   0.17675796]\n",
      " [  5.42015853   0.17675796   0.85604541 -10.           0.32306662]\n",
      " [  5.42015853   0.85604541   0.17675796   0.32306662 -10.        ]]\n",
      "[[-10.          19.7365809   19.7365809    5.42015853   5.42015853]\n",
      " [ 19.7365809  -10.          20.67626392   0.17675796   0.85604541]\n",
      " [ 19.7365809   20.67626392 -10.           0.85604541   0.17675796]\n",
      " [  5.42015853   0.17675796   0.85604541 -10.           0.32306662]\n",
      " [  5.42015853   0.85604541   0.17675796   0.32306662 -10.        ]]\n",
      "[[-10.          19.7365809   19.7365809    5.42015853   5.42015853]\n",
      " [ 19.7365809  -10.          20.67626392   0.17675796   0.85604541]\n",
      " [ 19.7365809   20.67626392 -10.           0.85604541   0.17675796]\n",
      " [  5.42015853   0.17675796   0.85604541 -10.           0.32306662]\n",
      " [  5.42015853   0.85604541   0.17675796   0.32306662 -10.        ]]\n",
      "[[-10.          19.7365809   19.7365809    5.42015853   5.42015853]\n",
      " [ 19.7365809  -10.          20.67626392   0.17675796   0.85604541]\n",
      " [ 19.7365809   20.67626392 -10.           0.85604541   0.17675796]\n",
      " [  5.42015853   0.17675796   0.85604541 -10.           0.32306662]\n",
      " [  5.42015853   0.85604541   0.17675796   0.32306662 -10.        ]]\n",
      "[[-10.          19.7365809   19.7365809    5.42015853   5.42015853]\n",
      " [ 19.7365809  -10.          20.67626392   0.17675796   0.85604541]\n",
      " [ 19.7365809   20.67626392 -10.           0.85604541   0.17675796]\n",
      " [  5.42015853   0.17675796   0.85604541 -10.           0.32306662]\n",
      " [  5.42015853   0.85604541   0.17675796   0.32306662 -10.        ]]\n",
      "[[-10.          19.7365809   19.7365809    5.42015853   5.42015853]\n",
      " [ 19.7365809  -10.          20.67626392   0.17675796   0.85604541]\n",
      " [ 19.7365809   20.67626392 -10.           0.85604541   0.17675796]\n",
      " [  5.42015853   0.17675796   0.85604541 -10.           0.32306662]\n",
      " [  5.42015853   0.85604541   0.17675796   0.32306662 -10.        ]]\n",
      "[[-10.          19.7365809   19.7365809    5.42015853   5.42015853]\n",
      " [ 19.7365809  -10.          20.67626392   0.17675796   0.85604541]\n",
      " [ 19.7365809   20.67626392 -10.           0.85604541   0.17675796]\n",
      " [  5.42015853   0.17675796   0.85604541 -10.           0.32306662]\n",
      " [  5.42015853   0.85604541   0.17675796   0.32306662 -10.        ]]\n",
      "[[-10.          19.7365809   19.7365809    5.42015853   5.42015853]\n",
      " [ 19.7365809  -10.          20.67626392   0.17675796   0.85604541]\n",
      " [ 19.7365809   20.67626392 -10.           0.85604541   0.17675796]\n",
      " [  5.42015853   0.17675796   0.85604541 -10.           0.32306662]\n",
      " [  5.42015853   0.85604541   0.17675796   0.32306662 -10.        ]]\n",
      "[[-10.          19.7365809   19.7365809    5.42015853   5.42015853]\n",
      " [ 19.7365809  -10.          20.67626392   0.17675796   0.85604541]\n",
      " [ 19.7365809   20.67626392 -10.           0.85604541   0.17675796]\n",
      " [  5.42015853   0.17675796   0.85604541 -10.           0.32306662]\n",
      " [  5.42015853   0.85604541   0.17675796   0.32306662 -10.        ]]\n",
      "[[-10.          19.7365809   19.7365809    5.42015853   5.42015853]\n",
      " [ 19.7365809  -10.          20.67626392   0.17675796   0.85604541]\n",
      " [ 19.7365809   20.67626392 -10.           0.85604541   0.17675796]\n",
      " [  5.42015853   0.17675796   0.85604541 -10.           0.32306662]\n",
      " [  5.42015853   0.85604541   0.17675796   0.32306662 -10.        ]]\n",
      "[[-10.          19.7365809   19.7365809    5.42015853   5.42015853]\n",
      " [ 19.7365809  -10.          20.67626392   0.17675796   0.85604541]\n",
      " [ 19.7365809   20.67626392 -10.           0.85604541   0.17675796]\n",
      " [  5.42015853   0.17675796   0.85604541 -10.           0.32306662]\n",
      " [  5.42015853   0.85604541   0.17675796   0.32306662 -10.        ]]\n",
      "[[-10.          19.7365809   19.7365809    5.42015853   5.42015853]\n",
      " [ 19.7365809  -10.          20.67626392   0.17675796   0.85604541]\n",
      " [ 19.7365809   20.67626392 -10.           0.85604541   0.17675796]\n",
      " [  5.42015853   0.17675796   0.85604541 -10.           0.32306662]\n",
      " [  5.42015853   0.85604541   0.17675796   0.32306662 -10.        ]]\n",
      "[[-10.          19.7365809   19.7365809    5.42015853   5.42015853]\n",
      " [ 19.7365809  -10.          20.67626392   0.17675796   0.85604541]\n",
      " [ 19.7365809   20.67626392 -10.           0.85604541   0.17675796]\n",
      " [  5.42015853   0.17675796   0.85604541 -10.           0.32306662]\n",
      " [  5.42015853   0.85604541   0.17675796   0.32306662 -10.        ]]\n",
      "[[-10.          19.7365809   19.7365809    5.42015853   5.42015853]\n",
      " [ 19.7365809  -10.          20.67626392   0.17675796   0.85604541]\n",
      " [ 19.7365809   20.67626392 -10.           0.85604541   0.17675796]\n",
      " [  5.42015853   0.17675796   0.85604541 -10.           0.32306662]\n",
      " [  5.42015853   0.85604541   0.17675796   0.32306662 -10.        ]]\n",
      "[[-10.          19.7365809   19.7365809    5.42015853   5.42015853]\n",
      " [ 19.7365809  -10.          20.67626392   0.17675796   0.85604541]\n",
      " [ 19.7365809   20.67626392 -10.           0.85604541   0.17675796]\n",
      " [  5.42015853   0.17675796   0.85604541 -10.           0.32306662]\n",
      " [  5.42015853   0.85604541   0.17675796   0.32306662 -10.        ]]\n",
      "[[-10.          19.7365809   19.7365809    5.42015853   5.42015853]\n",
      " [ 19.7365809  -10.          20.67626392   0.17675796   0.85604541]\n",
      " [ 19.7365809   20.67626392 -10.           0.85604541   0.17675796]\n",
      " [  5.42015853   0.17675796   0.85604541 -10.           0.32306662]\n",
      " [  5.42015853   0.85604541   0.17675796   0.32306662 -10.        ]]\n",
      "[[-10.          19.7365809   19.7365809    5.42015853   5.42015853]\n",
      " [ 19.7365809  -10.          20.67626392   0.17675796   0.85604541]\n",
      " [ 19.7365809   20.67626392 -10.           0.85604541   0.17675796]\n",
      " [  5.42015853   0.17675796   0.85604541 -10.           0.32306662]\n",
      " [  5.42015853   0.85604541   0.17675796   0.32306662 -10.        ]]\n",
      "[[-10.          19.7365809   19.7365809    5.42015853   5.42015853]\n",
      " [ 19.7365809  -10.          20.67626392   0.17675796   0.85604541]\n",
      " [ 19.7365809   20.67626392 -10.           0.85604541   0.17675796]\n",
      " [  5.42015853   0.17675796   0.85604541 -10.           0.32306662]\n",
      " [  5.42015853   0.85604541   0.17675796   0.32306662 -10.        ]]\n",
      "[[-10.          19.7365809   19.7365809    5.42015853   5.42015853]\n",
      " [ 19.7365809  -10.          20.67626392   0.17675796   0.85604541]\n",
      " [ 19.7365809   20.67626392 -10.           0.85604541   0.17675796]\n",
      " [  5.42015853   0.17675796   0.85604541 -10.           0.32306662]\n",
      " [  5.42015853   0.85604541   0.17675796   0.32306662 -10.        ]]\n",
      "[[-10.          19.7365809   19.7365809    5.42015853   5.42015853]\n",
      " [ 19.7365809  -10.          20.67626392   0.17675796   0.85604541]\n",
      " [ 19.7365809   20.67626392 -10.           0.85604541   0.17675796]\n",
      " [  5.42015853   0.17675796   0.85604541 -10.           0.32306662]\n",
      " [  5.42015853   0.85604541   0.17675796   0.32306662 -10.        ]]\n",
      "[[-10.          19.7365809   19.7365809    5.42015853   5.42015853]\n",
      " [ 19.7365809  -10.          20.67626392   0.17675796   0.85604541]\n",
      " [ 19.7365809   20.67626392 -10.           0.85604541   0.17675796]\n",
      " [  5.42015853   0.17675796   0.85604541 -10.           0.32306662]\n",
      " [  5.42015853   0.85604541   0.17675796   0.32306662 -10.        ]]\n",
      "[[-10.          19.7365809   19.7365809    5.42015853   5.42015853]\n",
      " [ 19.7365809  -10.          20.67626392   0.17675796   0.85604541]\n",
      " [ 19.7365809   20.67626392 -10.           0.85604541   0.17675796]\n",
      " [  5.42015853   0.17675796   0.85604541 -10.           0.32306662]\n",
      " [  5.42015853   0.85604541   0.17675796   0.32306662 -10.        ]]\n",
      "[[-10.          19.7365809   19.7365809    5.42015853   5.42015853]\n",
      " [ 19.7365809  -10.          20.67626392   0.17675796   0.85604541]\n",
      " [ 19.7365809   20.67626392 -10.           0.85604541   0.17675796]\n",
      " [  5.42015853   0.17675796   0.85604541 -10.           0.32306662]\n",
      " [  5.42015853   0.85604541   0.17675796   0.32306662 -10.        ]]\n",
      "[[-10.          19.7365809   19.7365809    5.42015853   5.42015853]\n",
      " [ 19.7365809  -10.          20.67626392   0.17675796   0.85604541]\n",
      " [ 19.7365809   20.67626392 -10.           0.85604541   0.17675796]\n",
      " [  5.42015853   0.17675796   0.85604541 -10.           0.32306662]\n",
      " [  5.42015853   0.85604541   0.17675796   0.32306662 -10.        ]]\n",
      "[[-10.          19.7365809   19.7365809    5.42015853   5.42015853]\n",
      " [ 19.7365809  -10.          20.67626392   0.17675796   0.85604541]\n",
      " [ 19.7365809   20.67626392 -10.           0.85604541   0.17675796]\n",
      " [  5.42015853   0.17675796   0.85604541 -10.           0.32306662]\n",
      " [  5.42015853   0.85604541   0.17675796   0.32306662 -10.        ]]\n",
      "[[-10.          19.7365809   19.7365809    5.42015853   5.42015853]\n",
      " [ 19.7365809  -10.          20.67626392   0.17675796   0.85604541]\n",
      " [ 19.7365809   20.67626392 -10.           0.85604541   0.17675796]\n",
      " [  5.42015853   0.17675796   0.85604541 -10.           0.32306662]\n",
      " [  5.42015853   0.85604541   0.17675796   0.32306662 -10.        ]]\n",
      "[[-10.          19.7365809   19.7365809    5.42015853   5.42015853]\n",
      " [ 19.7365809  -10.          20.67626392   0.17675796   0.85604541]\n",
      " [ 19.7365809   20.67626392 -10.           0.85604541   0.17675796]\n",
      " [  5.42015853   0.17675796   0.85604541 -10.           0.32306662]\n",
      " [  5.42015853   0.85604541   0.17675796   0.32306662 -10.        ]]\n",
      "[[-10.          19.7365809   19.7365809    5.42015853   5.42015853]\n",
      " [ 19.7365809  -10.          20.67626392   0.17675796   0.85604541]\n",
      " [ 19.7365809   20.67626392 -10.           0.85604541   0.17675796]\n",
      " [  5.42015853   0.17675796   0.85604541 -10.           0.32306662]\n",
      " [  5.42015853   0.85604541   0.17675796   0.32306662 -10.        ]]\n",
      "[[-10.          19.7365809   19.7365809    5.42015853   5.42015853]\n",
      " [ 19.7365809  -10.          20.67626392   0.17675796   0.85604541]\n",
      " [ 19.7365809   20.67626392 -10.           0.85604541   0.17675796]\n",
      " [  5.42015853   0.17675796   0.85604541 -10.           0.32306662]\n",
      " [  5.42015853   0.85604541   0.17675796   0.32306662 -10.        ]]\n",
      "[[-10.          19.7365809   19.7365809    5.42015853   5.42015853]\n",
      " [ 19.7365809  -10.          20.67626392   0.17675796   0.85604541]\n",
      " [ 19.7365809   20.67626392 -10.           0.85604541   0.17675796]\n",
      " [  5.42015853   0.17675796   0.85604541 -10.           0.32306662]\n",
      " [  5.42015853   0.85604541   0.17675796   0.32306662 -10.        ]]\n",
      "[[-10.          19.7365809   19.7365809    5.42015853   5.42015853]\n",
      " [ 19.7365809  -10.          20.67626392   0.17675796   0.85604541]\n",
      " [ 19.7365809   20.67626392 -10.           0.85604541   0.17675796]\n",
      " [  5.42015853   0.17675796   0.85604541 -10.           0.32306662]\n",
      " [  5.42015853   0.85604541   0.17675796   0.32306662 -10.        ]]\n",
      "[[-10.          19.7365809   19.7365809    5.42015853   5.42015853]\n",
      " [ 19.7365809  -10.          20.67626392   0.17675796   0.85604541]\n",
      " [ 19.7365809   20.67626392 -10.           0.85604541   0.17675796]\n",
      " [  5.42015853   0.17675796   0.85604541 -10.           0.32306662]\n",
      " [  5.42015853   0.85604541   0.17675796   0.32306662 -10.        ]]\n",
      "[[-10.          19.7365809   19.7365809    5.42015853   5.42015853]\n",
      " [ 19.7365809  -10.          20.67626392   0.17675796   0.85604541]\n",
      " [ 19.7365809   20.67626392 -10.           0.85604541   0.17675796]\n",
      " [  5.42015853   0.17675796   0.85604541 -10.           0.32306662]\n",
      " [  5.42015853   0.85604541   0.17675796   0.32306662 -10.        ]]\n",
      "[[-10.          19.7365809   19.7365809    5.42015853   5.42015853]\n",
      " [ 19.7365809  -10.          20.67626392   0.17675796   0.85604541]\n",
      " [ 19.7365809   20.67626392 -10.           0.85604541   0.17675796]\n",
      " [  5.42015853   0.17675796   0.85604541 -10.           0.32306662]\n",
      " [  5.42015853   0.85604541   0.17675796   0.32306662 -10.        ]]\n",
      "[[-10.          19.7365809   19.7365809    5.42015853   5.42015853]\n",
      " [ 19.7365809  -10.          20.67626392   0.17675796   0.85604541]\n",
      " [ 19.7365809   20.67626392 -10.           0.85604541   0.17675796]\n",
      " [  5.42015853   0.17675796   0.85604541 -10.           0.32306662]\n",
      " [  5.42015853   0.85604541   0.17675796   0.32306662 -10.        ]]\n",
      "[[-10.          19.7365809   19.7365809    5.42015853   5.42015853]\n",
      " [ 19.7365809  -10.          20.67626392   0.17675796   0.85604541]\n",
      " [ 19.7365809   20.67626392 -10.           0.85604541   0.17675796]\n",
      " [  5.42015853   0.17675796   0.85604541 -10.           0.32306662]\n",
      " [  5.42015853   0.85604541   0.17675796   0.32306662 -10.        ]]\n",
      "[[-10.          19.7365809   19.7365809    5.42015853   5.42015853]\n",
      " [ 19.7365809  -10.          20.67626392   0.17675796   0.85604541]\n",
      " [ 19.7365809   20.67626392 -10.           0.85604541   0.17675796]\n",
      " [  5.42015853   0.17675796   0.85604541 -10.           0.32306662]\n",
      " [  5.42015853   0.85604541   0.17675796   0.32306662 -10.        ]]\n",
      "[[-10.          19.7365809   19.7365809    5.42015853   5.42015853]\n",
      " [ 19.7365809  -10.          20.67626392   0.17675796   0.85604541]\n",
      " [ 19.7365809   20.67626392 -10.           0.85604541   0.17675796]\n",
      " [  5.42015853   0.17675796   0.85604541 -10.           0.32306662]\n",
      " [  5.42015853   0.85604541   0.17675796   0.32306662 -10.        ]]\n",
      "[[-10.          19.7365809   19.7365809    5.42015853   5.42015853]\n",
      " [ 19.7365809  -10.          20.67626392   0.17675796   0.85604541]\n",
      " [ 19.7365809   20.67626392 -10.           0.85604541   0.17675796]\n",
      " [  5.42015853   0.17675796   0.85604541 -10.           0.32306662]\n",
      " [  5.42015853   0.85604541   0.17675796   0.32306662 -10.        ]]\n",
      "[[-10.          19.7365809   19.7365809    5.42015853   5.42015853]\n",
      " [ 19.7365809  -10.          20.67626392   0.17675796   0.85604541]\n",
      " [ 19.7365809   20.67626392 -10.           0.85604541   0.17675796]\n",
      " [  5.42015853   0.17675796   0.85604541 -10.           0.32306662]\n",
      " [  5.42015853   0.85604541   0.17675796   0.32306662 -10.        ]]\n",
      "[[-10.          19.7365809   19.7365809    5.42015853   5.42015853]\n",
      " [ 19.7365809  -10.          20.67626392   0.17675796   0.85604541]\n",
      " [ 19.7365809   20.67626392 -10.           0.85604541   0.17675796]\n",
      " [  5.42015853   0.17675796   0.85604541 -10.           0.32306662]\n",
      " [  5.42015853   0.85604541   0.17675796   0.32306662 -10.        ]]\n",
      "[[-10.          19.7365809   19.7365809    5.42015853   5.42015853]\n",
      " [ 19.7365809  -10.          20.67626392   0.17675796   0.85604541]\n",
      " [ 19.7365809   20.67626392 -10.           0.85604541   0.17675796]\n",
      " [  5.42015853   0.17675796   0.85604541 -10.           0.32306662]\n",
      " [  5.42015853   0.85604541   0.17675796   0.32306662 -10.        ]]\n",
      "[[-10.          19.7365809   19.7365809    5.42015853   5.42015853]\n",
      " [ 19.7365809  -10.          20.67626392   0.17675796   0.85604541]\n",
      " [ 19.7365809   20.67626392 -10.           0.85604541   0.17675796]\n",
      " [  5.42015853   0.17675796   0.85604541 -10.           0.32306662]\n",
      " [  5.42015853   0.85604541   0.17675796   0.32306662 -10.        ]]\n",
      "[[-10.          19.7365809   19.7365809    5.42015853   5.42015853]\n",
      " [ 19.7365809  -10.          20.67626392   0.17675796   0.85604541]\n",
      " [ 19.7365809   20.67626392 -10.           0.85604541   0.17675796]\n",
      " [  5.42015853   0.17675796   0.85604541 -10.           0.32306662]\n",
      " [  5.42015853   0.85604541   0.17675796   0.32306662 -10.        ]]\n",
      "[[-10.          19.7365809   19.7365809    5.42015853   5.42015853]\n",
      " [ 19.7365809  -10.          20.67626392   0.17675796   0.85604541]\n",
      " [ 19.7365809   20.67626392 -10.           0.85604541   0.17675796]\n",
      " [  5.42015853   0.17675796   0.85604541 -10.           0.32306662]\n",
      " [  5.42015853   0.85604541   0.17675796   0.32306662 -10.        ]]\n",
      "[[-10.          19.7365809   19.7365809    5.42015853   5.42015853]\n",
      " [ 19.7365809  -10.          20.67626392   0.17675796   0.85604541]\n",
      " [ 19.7365809   20.67626392 -10.           0.85604541   0.17675796]\n",
      " [  5.42015853   0.17675796   0.85604541 -10.           0.32306662]\n",
      " [  5.42015853   0.85604541   0.17675796   0.32306662 -10.        ]]\n",
      "[[-10.          19.7365809   19.7365809    5.42015853   5.42015853]\n",
      " [ 19.7365809  -10.          20.67626392   0.17675796   0.85604541]\n",
      " [ 19.7365809   20.67626392 -10.           0.85604541   0.17675796]\n",
      " [  5.42015853   0.17675796   0.85604541 -10.           0.32306662]\n",
      " [  5.42015853   0.85604541   0.17675796   0.32306662 -10.        ]]\n",
      "[[-10.          19.7365809   19.7365809    5.42015853   5.42015853]\n",
      " [ 19.7365809  -10.          20.67626392   0.17675796   0.85604541]\n",
      " [ 19.7365809   20.67626392 -10.           0.85604541   0.17675796]\n",
      " [  5.42015853   0.17675796   0.85604541 -10.           0.32306662]\n",
      " [  5.42015853   0.85604541   0.17675796   0.32306662 -10.        ]]\n",
      "[[-10.          19.7365809   19.7365809    5.42015853   5.42015853]\n",
      " [ 19.7365809  -10.          20.67626392   0.17675796   0.85604541]\n",
      " [ 19.7365809   20.67626392 -10.           0.85604541   0.17675796]\n",
      " [  5.42015853   0.17675796   0.85604541 -10.           0.32306662]\n",
      " [  5.42015853   0.85604541   0.17675796   0.32306662 -10.        ]]\n",
      "[[-10.          19.7365809   19.7365809    5.42015853   5.42015853]\n",
      " [ 19.7365809  -10.          20.67626392   0.17675796   0.85604541]\n",
      " [ 19.7365809   20.67626392 -10.           0.85604541   0.17675796]\n",
      " [  5.42015853   0.17675796   0.85604541 -10.           0.32306662]\n",
      " [  5.42015853   0.85604541   0.17675796   0.32306662 -10.        ]]\n",
      "[[-10.          19.7365809   19.7365809    5.42015853   5.42015853]\n",
      " [ 19.7365809  -10.          20.67626392   0.17675796   0.85604541]\n",
      " [ 19.7365809   20.67626392 -10.           0.85604541   0.17675796]\n",
      " [  5.42015853   0.17675796   0.85604541 -10.           0.32306662]\n",
      " [  5.42015853   0.85604541   0.17675796   0.32306662 -10.        ]]\n",
      "[[-10.          19.7365809   19.7365809    5.42015853   5.42015853]\n",
      " [ 19.7365809  -10.          20.67626392   0.17675796   0.85604541]\n",
      " [ 19.7365809   20.67626392 -10.           0.85604541   0.17675796]\n",
      " [  5.42015853   0.17675796   0.85604541 -10.           0.32306662]\n",
      " [  5.42015853   0.85604541   0.17675796   0.32306662 -10.        ]]\n",
      "[[-10.          19.7365809   19.7365809    5.42015853   5.42015853]\n",
      " [ 19.7365809  -10.          20.67626392   0.17675796   0.85604541]\n",
      " [ 19.7365809   20.67626392 -10.           0.85604541   0.17675796]\n",
      " [  5.42015853   0.17675796   0.85604541 -10.           0.32306662]\n",
      " [  5.42015853   0.85604541   0.17675796   0.32306662 -10.        ]]\n",
      "[[-10.          19.7365809   19.7365809    5.42015853   5.42015853]\n",
      " [ 19.7365809  -10.          20.67626392   0.17675796   0.85604541]\n",
      " [ 19.7365809   20.67626392 -10.           0.85604541   0.17675796]\n",
      " [  5.42015853   0.17675796   0.85604541 -10.           0.32306662]\n",
      " [  5.42015853   0.85604541   0.17675796   0.32306662 -10.        ]]\n",
      "[[-10.          19.7365809   19.7365809    5.42015853   5.42015853]\n",
      " [ 19.7365809  -10.          20.67626392   0.17675796   0.85604541]\n",
      " [ 19.7365809   20.67626392 -10.           0.85604541   0.17675796]\n",
      " [  5.42015853   0.17675796   0.85604541 -10.           0.32306662]\n",
      " [  5.42015853   0.85604541   0.17675796   0.32306662 -10.        ]]\n",
      "[[-10.          19.7365809   19.7365809    5.42015853   5.42015853]\n",
      " [ 19.7365809  -10.          20.67626392   0.17675796   0.85604541]\n",
      " [ 19.7365809   20.67626392 -10.           0.85604541   0.17675796]\n",
      " [  5.42015853   0.17675796   0.85604541 -10.           0.32306662]\n",
      " [  5.42015853   0.85604541   0.17675796   0.32306662 -10.        ]]\n",
      "[[-10.          19.7365809   19.7365809    5.42015853   5.42015853]\n",
      " [ 19.7365809  -10.          20.67626392   0.17675796   0.85604541]\n",
      " [ 19.7365809   20.67626392 -10.           0.85604541   0.17675796]\n",
      " [  5.42015853   0.17675796   0.85604541 -10.           0.32306662]\n",
      " [  5.42015853   0.85604541   0.17675796   0.32306662 -10.        ]]\n",
      "[[-10.          19.7365809   19.7365809    5.42015853   5.42015853]\n",
      " [ 19.7365809  -10.          20.67626392   0.17675796   0.85604541]\n",
      " [ 19.7365809   20.67626392 -10.           0.85604541   0.17675796]\n",
      " [  5.42015853   0.17675796   0.85604541 -10.           0.32306662]\n",
      " [  5.42015853   0.85604541   0.17675796   0.32306662 -10.        ]]\n",
      "[[-10.          19.7365809   19.7365809    5.42015853   5.42015853]\n",
      " [ 19.7365809  -10.          20.67626392   0.17675796   0.85604541]\n",
      " [ 19.7365809   20.67626392 -10.           0.85604541   0.17675796]\n",
      " [  5.42015853   0.17675796   0.85604541 -10.           0.32306662]\n",
      " [  5.42015853   0.85604541   0.17675796   0.32306662 -10.        ]]\n",
      "[[-10.          19.7365809   19.7365809    5.42015853   5.42015853]\n",
      " [ 19.7365809  -10.          20.67626392   0.17675796   0.85604541]\n",
      " [ 19.7365809   20.67626392 -10.           0.85604541   0.17675796]\n",
      " [  5.42015853   0.17675796   0.85604541 -10.           0.32306662]\n",
      " [  5.42015853   0.85604541   0.17675796   0.32306662 -10.        ]]\n",
      "[[-10.          19.7365809   19.7365809    5.42015853   5.42015853]\n",
      " [ 19.7365809  -10.          20.67626392   0.17675796   0.85604541]\n",
      " [ 19.7365809   20.67626392 -10.           0.85604541   0.17675796]\n",
      " [  5.42015853   0.17675796   0.85604541 -10.           0.32306662]\n",
      " [  5.42015853   0.85604541   0.17675796   0.32306662 -10.        ]]\n",
      "[[-10.          19.7365809   19.7365809    5.42015853   5.42015853]\n",
      " [ 19.7365809  -10.          20.67626392   0.17675796   0.85604541]\n",
      " [ 19.7365809   20.67626392 -10.           0.85604541   0.17675796]\n",
      " [  5.42015853   0.17675796   0.85604541 -10.           0.32306662]\n",
      " [  5.42015853   0.85604541   0.17675796   0.32306662 -10.        ]]\n",
      "[[-10.          19.7365809   19.7365809    5.42015853   5.42015853]\n",
      " [ 19.7365809  -10.          20.67626392   0.17675796   0.85604541]\n",
      " [ 19.7365809   20.67626392 -10.           0.85604541   0.17675796]\n",
      " [  5.42015853   0.17675796   0.85604541 -10.           0.32306662]\n",
      " [  5.42015853   0.85604541   0.17675796   0.32306662 -10.        ]]\n",
      "[[-10.          19.7365809   19.7365809    5.42015853   5.42015853]\n",
      " [ 19.7365809  -10.          20.67626392   0.17675796   0.85604541]\n",
      " [ 19.7365809   20.67626392 -10.           0.85604541   0.17675796]\n",
      " [  5.42015853   0.17675796   0.85604541 -10.           0.32306662]\n",
      " [  5.42015853   0.85604541   0.17675796   0.32306662 -10.        ]]\n",
      "[[-10.          19.7365809   19.7365809    5.42015853   5.42015853]\n",
      " [ 19.7365809  -10.          20.67626392   0.17675796   0.85604541]\n",
      " [ 19.7365809   20.67626392 -10.           0.85604541   0.17675796]\n",
      " [  5.42015853   0.17675796   0.85604541 -10.           0.32306662]\n",
      " [  5.42015853   0.85604541   0.17675796   0.32306662 -10.        ]]\n",
      "[[-10.          19.7365809   19.7365809    5.42015853   5.42015853]\n",
      " [ 19.7365809  -10.          20.67626392   0.17675796   0.85604541]\n",
      " [ 19.7365809   20.67626392 -10.           0.85604541   0.17675796]\n",
      " [  5.42015853   0.17675796   0.85604541 -10.           0.32306662]\n",
      " [  5.42015853   0.85604541   0.17675796   0.32306662 -10.        ]]\n",
      "[[-10.          19.7365809   19.7365809    5.42015853   5.42015853]\n",
      " [ 19.7365809  -10.          20.67626392   0.17675796   0.85604541]\n",
      " [ 19.7365809   20.67626392 -10.           0.85604541   0.17675796]\n",
      " [  5.42015853   0.17675796   0.85604541 -10.           0.32306662]\n",
      " [  5.42015853   0.85604541   0.17675796   0.32306662 -10.        ]]\n",
      "[[-10.          19.7365809   19.7365809    5.42015853   5.42015853]\n",
      " [ 19.7365809  -10.          20.67626392   0.17675796   0.85604541]\n",
      " [ 19.7365809   20.67626392 -10.           0.85604541   0.17675796]\n",
      " [  5.42015853   0.17675796   0.85604541 -10.           0.32306662]\n",
      " [  5.42015853   0.85604541   0.17675796   0.32306662 -10.        ]]\n",
      "[[-10.          19.7365809   19.7365809    5.42015853   5.42015853]\n",
      " [ 19.7365809  -10.          20.67626392   0.17675796   0.85604541]\n",
      " [ 19.7365809   20.67626392 -10.           0.85604541   0.17675796]\n",
      " [  5.42015853   0.17675796   0.85604541 -10.           0.32306662]\n",
      " [  5.42015853   0.85604541   0.17675796   0.32306662 -10.        ]]\n",
      "[[-10.          19.7365809   19.7365809    5.42015853   5.42015853]\n",
      " [ 19.7365809  -10.          20.67626392   0.17675796   0.85604541]\n",
      " [ 19.7365809   20.67626392 -10.           0.85604541   0.17675796]\n",
      " [  5.42015853   0.17675796   0.85604541 -10.           0.32306662]\n",
      " [  5.42015853   0.85604541   0.17675796   0.32306662 -10.        ]]\n",
      "[[-10.          19.7365809   19.7365809    5.42015853   5.42015853]\n",
      " [ 19.7365809  -10.          20.67626392   0.17675796   0.85604541]\n",
      " [ 19.7365809   20.67626392 -10.           0.85604541   0.17675796]\n",
      " [  5.42015853   0.17675796   0.85604541 -10.           0.32306662]\n",
      " [  5.42015853   0.85604541   0.17675796   0.32306662 -10.        ]]\n",
      "[[-10.          19.7365809   19.7365809    5.42015853   5.42015853]\n",
      " [ 19.7365809  -10.          20.67626392   0.17675796   0.85604541]\n",
      " [ 19.7365809   20.67626392 -10.           0.85604541   0.17675796]\n",
      " [  5.42015853   0.17675796   0.85604541 -10.           0.32306662]\n",
      " [  5.42015853   0.85604541   0.17675796   0.32306662 -10.        ]]\n",
      "[[-10.          19.7365809   19.7365809    5.42015853   5.42015853]\n",
      " [ 19.7365809  -10.          20.67626392   0.17675796   0.85604541]\n",
      " [ 19.7365809   20.67626392 -10.           0.85604541   0.17675796]\n",
      " [  5.42015853   0.17675796   0.85604541 -10.           0.32306662]\n",
      " [  5.42015853   0.85604541   0.17675796   0.32306662 -10.        ]]\n",
      "[[-10.          19.7365809   19.7365809    5.42015853   5.42015853]\n",
      " [ 19.7365809  -10.          20.67626392   0.17675796   0.85604541]\n",
      " [ 19.7365809   20.67626392 -10.           0.85604541   0.17675796]\n",
      " [  5.42015853   0.17675796   0.85604541 -10.           0.32306662]\n",
      " [  5.42015853   0.85604541   0.17675796   0.32306662 -10.        ]]\n",
      "[[-10.          19.7365809   19.7365809    5.42015853   5.42015853]\n",
      " [ 19.7365809  -10.          20.67626392   0.17675796   0.85604541]\n",
      " [ 19.7365809   20.67626392 -10.           0.85604541   0.17675796]\n",
      " [  5.42015853   0.17675796   0.85604541 -10.           0.32306662]\n",
      " [  5.42015853   0.85604541   0.17675796   0.32306662 -10.        ]]\n",
      "[[-10.          19.7365809   19.7365809    5.42015853   5.42015853]\n",
      " [ 19.7365809  -10.          20.67626392   0.17675796   0.85604541]\n",
      " [ 19.7365809   20.67626392 -10.           0.85604541   0.17675796]\n",
      " [  5.42015853   0.17675796   0.85604541 -10.           0.32306662]\n",
      " [  5.42015853   0.85604541   0.17675796   0.32306662 -10.        ]]\n",
      "[[-10.          19.7365809   19.7365809    5.42015853   5.42015853]\n",
      " [ 19.7365809  -10.          20.67626392   0.17675796   0.85604541]\n",
      " [ 19.7365809   20.67626392 -10.           0.85604541   0.17675796]\n",
      " [  5.42015853   0.17675796   0.85604541 -10.           0.32306662]\n",
      " [  5.42015853   0.85604541   0.17675796   0.32306662 -10.        ]]\n",
      "[[-10.          19.7365809   19.7365809    5.42015853   5.42015853]\n",
      " [ 19.7365809  -10.          20.67626392   0.17675796   0.85604541]\n",
      " [ 19.7365809   20.67626392 -10.           0.85604541   0.17675796]\n",
      " [  5.42015853   0.17675796   0.85604541 -10.           0.32306662]\n",
      " [  5.42015853   0.85604541   0.17675796   0.32306662 -10.        ]]\n",
      "[[-10.          19.7365809   19.7365809    5.42015853   5.42015853]\n",
      " [ 19.7365809  -10.          20.67626392   0.17675796   0.85604541]\n",
      " [ 19.7365809   20.67626392 -10.           0.85604541   0.17675796]\n",
      " [  5.42015853   0.17675796   0.85604541 -10.           0.32306662]\n",
      " [  5.42015853   0.85604541   0.17675796   0.32306662 -10.        ]]\n",
      "[[-10.          19.7365809   19.7365809    5.42015853   5.42015853]\n",
      " [ 19.7365809  -10.          20.67626392   0.17675796   0.85604541]\n",
      " [ 19.7365809   20.67626392 -10.           0.85604541   0.17675796]\n",
      " [  5.42015853   0.17675796   0.85604541 -10.           0.32306662]\n",
      " [  5.42015853   0.85604541   0.17675796   0.32306662 -10.        ]]\n",
      "[[-10.          19.7365809   19.7365809    5.42015853   5.42015853]\n",
      " [ 19.7365809  -10.          20.67626392   0.17675796   0.85604541]\n",
